 DIMER OF QD

 The wavefunction of states e, h1 and h2 on QDA has been stored in:
 The wavefunction of states e, h1 and h2 on QDB has been stored in:

 The initial parameters are:

Electron effective mass              :  0.0000 m0
Hole effective mass                  :  0.0000 m0
Bulk dielectric constant             :  9.5600
Ligands dielectric constant          :  2.3000
Bulk band gap                        :  1.7500



                                                        QDA                      QDB
Radius                               :             1.0000E-09                    1.0000E-09
Confining potential electron         :             4.0065E-19                    4.0065E-19
Confining potential holes            :             8.9931E-19                    8.9931E-19
Dielectric constant                  :             7.5433E+00                    7.5433E+00
Transition energy h1e                :             2.8762E+00                    2.8762E+00
Transition energy h2e                :             4.0241E+00                    4.0241E+00
Coulomb correction h1e               :             2.6680E-01                    2.6680E-01
Coulomb correction h12               :             2.4348E-01                    2.4348E-01
Norm e                               :             1.0000E+00                    1.0000E+00
Norm h1                              :             1.0000E+00                    1.0000E+00
Norm h2                              :             1.0000E+00                    1.0000E+00
                                                  /          \                  /          \

                                               h1e            h2e            h1e            h2e
Wavefunction overlap                 :       0.928120       0.291826       0.928120       0.291826
Transition dipole moment             :
Transition dipole moment (fit)       :     5.2618E-32     3.9891E-32     5.2618E-32     3.9891E-32
Oscillator strength                  :     0.0000E+00     0.0000E+00     0.0000E+00     0.0000E+00
Extinction coefficient               :     0.0000E+00     0.0000E+00     0.0000E+00     0.0000E+00
Coulomb correction                   :     0.0000E+00     0.0000E+00     0.0000E+00     0.0000E+00



 The initial parameters of the dynamic are:

Number of states        :   9
Number of pulse         :   3
t0 of first pulse       :   5.000000E-15
t1 of first pulse       :   3.000000E-14
t2 of first pulse       :   4.000000E-14
Time step               :   2.000000E-17
Time length of dynamic  :   5.000000E-13
Omega                   :   3.600000E+15
Phase                   :   3.141593E+00
Width                   :   5.000000E-16
Power                   :   5.142000E+08



 The 0th order Hamiltonian is:

            0             1             2             3             4             5             6             7             8
 0    0.000000E+00  0.000000E+00  0.000000E+00  0.000000E+00  0.000000E+00  0.000000E+00  0.000000E+00  0.000000E+00  0.000000E+00
 1    0.000000E+00  2.609452E+00 -1.136796E-01  1.499688E-01 -6.071778E-02 -2.893419E-03 -5.449450E-03  2.452160E-03 -4.286660E-03
 2    0.000000E+00 -1.136796E-01  3.780607E+00 -6.071778E-02  2.481424E-02 -7.984251E-04 -4.039515E-03 -4.532623E-04  7.848442E-04
 3    0.000000E+00  1.499688E-01 -6.071778E-02  2.609452E+00 -1.136796E-01  2.452160E-03 -4.286660E-03 -2.893419E-03 -5.449450E-03
 4    0.000000E+00 -6.071778E-02  2.481424E-02 -1.136796E-01  3.780607E+00 -4.532623E-04  7.848442E-04 -7.984251E-04 -4.039515E-03
 5    0.000000E+00 -2.893419E-03 -7.984251E-04  2.452160E-03 -4.532623E-04  2.777509E+00 -7.149432E-04  1.919049E-05  9.756805E-05
 6    0.000000E+00 -5.449450E-03 -4.039515E-03 -4.286660E-03  7.848442E-04 -7.149432E-04  3.924477E+00  9.756805E-05  1.138551E-04
 7    0.000000E+00  2.452160E-03 -4.532623E-04 -2.893419E-03 -7.984251E-04  1.919049E-05  9.756805E-05  2.777509E+00 -7.149432E-04
 8    0.000000E+00 -4.286660E-03  7.848442E-04 -5.449450E-03 -4.039515E-03  9.756805E-05  1.138551E-04 -7.149432E-04  3.924477E+00

 And the transition dipole matrix is:

            0             1             2             3             4             5             6             7             8
 0    0.000000E+00  2.750426E+01  1.860142E+01  2.750426E+01  1.860142E+01  1.577445E-02  1.195887E-02  1.577445E-02  1.195887E-02
 1    2.750426E+01  0.000000E+00  0.000000E+00  0.000000E+00  0.000000E+00  0.000000E+00  0.000000E+00  0.000000E+00  0.000000E+00
 2    1.860142E+01  0.000000E+00  0.000000E+00  0.000000E+00  0.000000E+00  0.000000E+00  0.000000E+00  0.000000E+00  0.000000E+00
 3    2.750426E+01  0.000000E+00  0.000000E+00  0.000000E+00  0.000000E+00  0.000000E+00  0.000000E+00  0.000000E+00  0.000000E+00
 4    1.860142E+01  0.000000E+00  0.000000E+00  0.000000E+00  0.000000E+00  0.000000E+00  0.000000E+00  0.000000E+00  0.000000E+00
 5    1.577445E-02  0.000000E+00  0.000000E+00  0.000000E+00  0.000000E+00  0.000000E+00  0.000000E+00  0.000000E+00  0.000000E+00
 6    1.195887E-02  0.000000E+00  0.000000E+00  0.000000E+00  0.000000E+00  0.000000E+00  0.000000E+00  0.000000E+00  0.000000E+00
 7    1.577445E-02  0.000000E+00  0.000000E+00  0.000000E+00  0.000000E+00  0.000000E+00  0.000000E+00  0.000000E+00  0.000000E+00
 8    1.195887E-02  0.000000E+00  0.000000E+00  0.000000E+00  0.000000E+00  0.000000E+00  0.000000E+00  0.000000E+00  0.000000E+00
