 Results for a QD homodimer


 The process has generated the following files:

Ham0.dat              contains Hamiltonian of 0th order
Pulse.dat             contains the pulse(s)
TransHam.dat          contains the transition dipole moment matrix elements
Hamt.dat              contains the time dependent Hamiltonian of dimer n
Popc.dat              contains the population evolution of each state |c**2(t)| of dimer n
Norm.dat              contains the time dependent norm of dimer n

 The initial parameters are:

Electron effective mass              :  0.0000 m0
Hole effective mass                  :  0.0000 m0
Bulk dielectric constant             :  9.5600
Ligands dielectric constant          :  2.3000
Bulk band gap                        :  1.7500
Linker length                        :             2.0000E-10



                                                      QDA                           QDB
Radius                               :             1.0000E-09                    1.0000E-09
Confining potential electron         :             4.0065E-19                    4.0065E-19
Confining potential holes            :             8.9931E-19                    8.9931E-19
Dielectric constant                  :             7.5433E+00                    7.5433E+00
Norm e                               :             1.0000E+00                    1.0000E+00
Norm h1                              :             1.0000E+00                    1.0000E+00
Norm h2                              :             1.0000E+00                    1.0000E+00

                                                   /       \                      /      \  
                                                  /         \                    /        \ 
                                                 /           \                  /          \
 Local States
                                               h1e            h2e            h1e            h2e
Transition energies                  :     2.8762E+00     4.0241E+00     2.8762E+00     4.0241E+00
Coulomb correction                   :     2.6680E-01     2.4348E-01     2.6680E-01     2.4348E-01
Wavefunction overlap                 :       0.928120       0.291826       0.928120       0.291826
Transition dipole moment             :     9.1744E-29     6.2048E-29     9.1744E-29     6.2048E-29
Oscillator strength                  :************************************************************
Extinction coefficient               :************************************************************
Coulomb correction                   :************************************************************


 Charge transfer states: 
                                                5              6              7              8 
Transition energies                  :     4.4613E-19     6.2991E-19     4.4613E-19     6.2991E-19
Transition dipole moment (fit)       :     7.3112E-33     6.7426E-33     7.3112E-33     6.7426E-33





 The initial parameters of the dynamic are:

Number of states        :   9
Number of pulses        :   2
t0 of first pulse       :   5.000000E-14
t0 of second pulse      :   1.500000E-13
Time step               :   2.000000E-17
Time length of dynamic  :   5.000000E-13
Omega                   :   3.600000E+15
Phase                   :   3.141593E+00
Width                   :   5.000000E-16
Power                   :   5.142000E+09



 The 0th order Hamiltonian is:

            0             1             2             3             4             5             6             7             8
 0    0.000000E+00  0.000000E+00  0.000000E+00  0.000000E+00  0.000000E+00  0.000000E+00  0.000000E+00  0.000000E+00  0.000000E+00
 1    0.000000E+00  2.609452E+00 -1.136796E-01  1.391170E-01 -5.672696E-02 -1.123546E-03 -1.412521E-03  5.952176E-04 -1.108967E-03
 2    0.000000E+00 -1.136796E-01  3.780607E+00 -5.672696E-02  2.322717E-02 -3.157092E-04 -1.418013E-03 -1.708201E-04  2.769591E-04
 3    0.000000E+00  1.391170E-01 -5.672696E-02  2.609452E+00 -1.136796E-01  5.952176E-04 -1.108967E-03 -1.123546E-03 -1.412521E-03
 4    0.000000E+00 -5.672696E-02  2.322717E-02 -1.136796E-01  3.780607E+00 -1.708201E-04  2.769591E-04 -3.157092E-04 -1.418013E-03
 5    0.000000E+00 -1.123546E-03 -3.157092E-04  5.952176E-04 -1.708201E-04  2.784530E+00 -8.086709E-04  1.150939E-06  5.296245E-06
 6    0.000000E+00 -1.412521E-03 -1.418013E-03 -1.108967E-03  2.769591E-04 -8.086709E-04  3.931574E+00  5.296245E-06  9.620626E-06
 7    0.000000E+00  5.952176E-04 -1.708201E-04 -1.123546E-03 -3.157092E-04  1.150939E-06  5.296245E-06  2.784530E+00 -8.086709E-04
 8    0.000000E+00 -1.108967E-03  2.769591E-04 -1.412521E-03 -1.418013E-03  5.296245E-06  9.620626E-06 -8.086709E-04  3.931574E+00

 And the transition dipole matrix is:

            0             1             2             3             4             5             6             7             8
 0    0.000000E+00  2.750426E+01  1.860142E+01  2.750426E+01  1.860142E+01  2.191845E-03  2.021371E-03  2.191845E-03  2.021371E-03
 1    2.750426E+01  0.000000E+00  0.000000E+00  0.000000E+00  0.000000E+00  0.000000E+00  0.000000E+00  0.000000E+00  0.000000E+00
 2    1.860142E+01  0.000000E+00  0.000000E+00  0.000000E+00  0.000000E+00  0.000000E+00  0.000000E+00  0.000000E+00  0.000000E+00
 3    2.750426E+01  0.000000E+00  0.000000E+00  0.000000E+00  0.000000E+00  0.000000E+00  0.000000E+00  0.000000E+00  0.000000E+00
 4    1.860142E+01  0.000000E+00  0.000000E+00  0.000000E+00  0.000000E+00  0.000000E+00  0.000000E+00  0.000000E+00  0.000000E+00
 5    2.191845E-03  0.000000E+00  0.000000E+00  0.000000E+00  0.000000E+00  0.000000E+00  0.000000E+00  0.000000E+00  0.000000E+00
 6    2.021371E-03  0.000000E+00  0.000000E+00  0.000000E+00  0.000000E+00  0.000000E+00  0.000000E+00  0.000000E+00  0.000000E+00
 7    2.191845E-03  0.000000E+00  0.000000E+00  0.000000E+00  0.000000E+00  0.000000E+00  0.000000E+00  0.000000E+00  0.000000E+00
 8    2.021371E-03  0.000000E+00  0.000000E+00  0.000000E+00  0.000000E+00  0.000000E+00  0.000000E+00  0.000000E+00  0.000000E+00
