 Results for a QD homodimer


 The process has generated the following files:

Ham0.dat              contains Hamiltonian of 0th order
Pulse.dat             contains the pulse(s)
TransHam.dat          contains the transition dipole moment matrix elements
Hamt.dat              contains the time dependent Hamiltonian of dimer n
Popc.dat              contains the population evolution of each state |c**2(t)| of dimer n
Norm.dat              contains the time dependent norm of dimer n

 The initial parameters are:

Electron effective mass              :  0.1300 m0
Hole effective mass                  :  0.8200 m0
Bulk dielectric constant             :  9.5600
Ligands dielectric constant          :  2.3000
Bulk band gap                        :  1.7500
Linker length (nm)                   :  0.2000



                                                      QDA                           QDB
Radius                               :             1.0000E-09                    1.0000E-09
Confining potential electron         :             4.0065E-19                    4.0065E-19
Confining potential holes            :             8.9931E-19                    8.9931E-19
Dielectric constant                  :             7.5433E+00                    7.5433E+00
Norm e                               :             0.0000E+00                    0.0000E+00
Norm h1                              :             0.0000E+00                    0.0000E+00
Norm h2                              :             0.0000E+00                    0.0000E+00

                                                   /       \                      /      \  
                                                  /         \                    /        \ 
                                                 /           \                  /          \
 Local States
                                               h1e            h2e            h1e            h2e
Transition energies (eV)             :     2.6577E+00     3.8015E+00     2.6577E+00     3.8015E+00
Coulomb correction (eV)              :     2.0159E-01     1.8230E-01     2.0159E-01     1.8230E-01
Wavefunction overlap                 :       0.000000       0.000000       0.000000       0.000000
Transition dipole moment             :     2.6868E+01     1.9874E+01     2.6868E+01     1.9874E+01
Oscillator strength                  :     0.0000E+00     0.0000E+00     0.0000E+00     0.0000E+00
Extinction coefficient               :     0.0000E+00     0.0000E+00     0.0000E+00     0.0000E+00
Coulomb correction                   :     0.0000E+00     0.0000E+00     0.0000E+00     0.0000E+00


 Charge transfer states: 
                                                5              6              7              8 
Transition energies                  :     2.7676E+00     3.8913E+00     2.7676E+00     3.8913E+00
Transition dipole moment (fit)       :     2.1918E-03     2.0214E-03     2.1918E-03     2.0214E-03





 The initial parameters of the dynamic are:

Number of states        :   9
Number of pulses        :   2
t0 of first pulse       :   3.000000E-14
t0 of second pulse      :   5.500000E-14
Time step               :   2.000000E-17
Time length of dynamic  :   5.000000E-13
Omega                   :   5.000000E+14
Phase                   :   3.141593E+00
Width                   :   4.000000E-15
Power                   :   5.142000E+09



 The 0th order Hamiltonian is:

            0             1             2             3             4             5             6             7             8
      0.000000      0.000000      0.000000      0.000000      0.000000      0.000000      0.000000      0.000000      0.000000
      0.000000      2.657714     -0.113680      0.139117     -0.056727     -0.001124     -0.001413      0.000595     -0.001109
      0.000000     -0.113680      3.801536     -0.056727      0.023227     -0.000316     -0.001418     -0.000171      0.000277
      0.000000      0.139117     -0.056727      2.657714     -0.113680      0.000595     -0.001109     -0.001124     -0.001413
      0.000000     -0.056727      0.023227     -0.113680      3.801536     -0.000171      0.000277     -0.000316     -0.001418
      0.000000     -0.001124     -0.000316      0.000595     -0.000171      2.767586     -0.000809      0.000001      0.000005
      0.000000     -0.001413     -0.001418     -0.001109      0.000277     -0.000809      3.891319      0.000005      0.000010
      0.000000      0.000595     -0.000171     -0.001124     -0.000316      0.000001      0.000005      2.767586     -0.000809
      0.000000     -0.001109      0.000277     -0.001413     -0.001418      0.000005      0.000010     -0.000809      3.891319

 And the transition dipole matrix is:

            0             1             2             3             4             5             6             7             8
      0.000000     26.868484     19.873948     26.868484     19.873948      0.002192      0.002021      0.002192      0.002021
     26.868484      0.000000      0.000000      0.000000      0.000000      0.000000      0.000000      0.000000      0.000000
     19.873948      0.000000      0.000000      0.000000      0.000000      0.000000      0.000000      0.000000      0.000000
     26.868484      0.000000      0.000000      0.000000      0.000000      0.000000      0.000000      0.000000      0.000000
     19.873948      0.000000      0.000000      0.000000      0.000000      0.000000      0.000000      0.000000      0.000000
      0.002192      0.000000      0.000000      0.000000      0.000000      0.000000      0.000000      0.000000      0.000000
      0.002021      0.000000      0.000000      0.000000      0.000000      0.000000      0.000000      0.000000      0.000000
      0.002192      0.000000      0.000000      0.000000      0.000000      0.000000      0.000000      0.000000      0.000000
      0.002021      0.000000      0.000000      0.000000      0.000000      0.000000      0.000000      0.000000      0.000000
